Voltage_V,Intensity_mW,Fabry-Perot_T_mW
9.5,0.065643002337172,-0.36718
9.4905,0.0682032864756096,-0.36707
9.481,0.0512404207756742,-0.36701
9.4715,0.0672169130509684,-0.36702
9.462,0.0622930990397087,-0.36709
9.4525,0.0552404980608955,-0.36711
9.443,0.0596060561059629,-0.36722
9.4335,0.0576328312047516,-0.36727
9.424,0.0645042002570838,-0.36723
9.4145,0.0657627945885489,-0.36723
9.405,0.0536104640953221,-0.36723
9.3955,0.0690005434771862,-0.36716
9.386,0.0639584876974576,-0.36714
9.3765,0.0607862095763702,-0.36707
9.367,0.0673365688381986,-0.36704
9.3575,0.0508667903384865,-0.36705
9.348,0.058478088454339,-0.36706
9.3385,0.0661580021271938,-0.36715
9.329,0.0599399802911708,-0.36715
9.3195,0.0669165679426126,-0.36725
9.31,0.0610807015854857,-0.36725
9.3005,0.0546391720031162,-0.36724
9.291,0.0676429682638157,-0.36722
9.2815,0.0649316412578789,-0.36717
9.272,0.0660546955895784,-0.36712
9.2625,0.064606232142093,-0.36704
9.253,0.0639964366170931,-0.36707
9.2435,0.0611140920284385,-0.36715
9.234,0.0577739417613317,-0.36718
9.2245,0.050791008666453,-0.36726
9.215,0.059124396590343,-0.36728
9.2055,0.0486603029586175,-0.36729
9.196,0.0560167370346532,-0.36722
9.1865,0.0474583848386333,-0.36718
9.177,0.0497486050914823,-0.36715
9.1675,0.0619652858468749,-0.36706
9.158,0.058126377029541,-0.36707
9.1485,0.0569138979936289,-0.36712
9.139,0.0636107974252496,-0.3672
9.1295,0.04808178669134,-0.36719
9.12,0.0588670444767978,-0.36729
9.1105,0.0519787659316454,-0.36728
9.101,0.0618639448835329,-0.36729
9.0915,0.0667459968016829,-0.36731
9.082,0.0527397253614337,-0.36726
9.0725,0.0600876270086036,-0.36722
9.063,0.0537929195671197,-0.36715
9.0535,0.0500599713541896,-0.36713
9.044,0.0544672723661508,-0.36708
9.0345,0.0505524555093939,-0.36708
9.025,0.0465932077189746,-0.36716
9.0155,0.0602436965849274,-0.36719
9.006,0.0598982618236791,-0.36728
8.9965,0.0567287006270033,-0.36732
8.987,0.0561763302743179,-0.36731
8.9775,0.0576248969777595,-0.36725
8.968,0.0676546050422549,-0.36722
8.9585,0.0565054728618518,-0.36717
8.949,0.0530774516870211,-0.36713
8.9395,0.0506893201377487,-0.3671
8.93,0.0534020655333621,-0.36718
8.9205,0.0477225099404928,-0.36725
8.911,0.0557580142613329,-0.36729
8.9015,0.0531068404373886,-0.36733
8.892,0.0569131395214148,-0.36734
8.8825,0.0607706887066335,-0.36731
8.873,0.0497680391717858,-0.36726
8.8635,0.0459756648719374,-0.36724
8.854,0.0486244429056156,-0.36724
8.8445,0.0449968359324245,-0.36716
8.835,0.0554856544837908,-0.36715
8.8255,0.0495629083024917,-0.36716
8.816,0.0542757312339365,-0.36711
8.8065,0.0508092721807385,-0.3672
8.797,0.0585680821825925,-0.36723
8.7875,0.0470617425779879,-0.36728
8.778,0.0496343258163132,-0.36732
8.7685,0.0485294243531375,-0.36735
8.759,0.0513379647452302,-0.36729
8.7495,0.0548610388903861,-0.36724
8.74,0.0503885920995794,-0.36731
8.7305,0.062799726537304,-0.36718
8.721,0.0574858242172105,-0.36718
8.7115,0.0540055559441132,-0.36727
8.702,0.0619981867806216,-0.36732
8.6925,0.0493148424704464,-0.36737
8.683,0.0589527697019437,-0.36733
8.6735,0.0623971820823498,-0.36728
8.664,0.0531330387326764,-0.36727
8.6545,0.0591844221114423,-0.36717
8.645,0.0528355897796484,-0.36712
8.6355,0.0524961189390951,-0.36718
8.626,0.058587952498722,-0.36724
8.6165,0.0593187081269914,-0.36732
8.607,0.0542294077751845,-0.36734
8.5975,0.0440835761276621,-0.36736
8.588,0.0549970006763327,-0.36739
8.5785,0.052854060520068,-0.36728
8.569,0.0413370738728268,-0.36722
8.5595,0.0439133353175882,-0.36721
8.55,0.0451970172449386,-0.36712
8.5405,0.0507201684359239,-0.36714
8.531,0.0383661607476057,-0.36719
8.5215,0.0440252777447708,-0.36721
8.512,0.0427435648795693,-0.36729
8.5025,0.0426666882086765,-0.36732
8.493,0.0407928832805389,-0.36738
8.4835,0.0513419224719871,-0.36735
8.474,0.0489222267871888,-0.36736
8.4645,0.0450473491299953,-0.36735
8.455,0.049231996738116,-0.36729
8.4455,0.0432816815737091,-0.36726
8.436,0.0413156748831777,-0.36718
8.4265,0.052221309534386,-0.36715
8.417,0.0424141357348175,-0.3672
8.4075,0.0415499116051206,-0.36726
8.398,0.04004861415033,-0.36735
8.3885,0.0461218231362262,-0.36737
8.379,0.0331393970863084,-0.36736
8.3695,0.0402824917819645,-0.36736
8.36,0.0400001584116598,-0.36729
8.3505,0.0437727033419938,-0.36721
8.341,0.0345479642197876,-0.36723
8.3315,0.0366291017033678,-0.36733
8.322,0.0329103972365611,-0.36738
8.3125,0.0328514552065319,-0.36735
8.303,0.017686955500519,-0.36731
8.2935,0.01913968564193,-0.36728
8.284,0.0190260137830942,-0.36721
8.2745,0.0161078668674341,-0.36716
8.265,0.0169639507065507,-0.36717
8.2555,0.0158767326507608,-0.36724
8.246,0.0106826331190124,-0.36729
8.2365,0.0156691255043698,-0.36734
8.227,0.01455908063291,-0.36738
8.2175,0.0107724928747904,-0.36737
8.208,0.014070390311179,-0.36729
8.1985,0.00453129791216933,-0.36728
8.189,0.00187558247748695,-0.36718
8.1795,0.0022434958448543,-0.36717
8.17,-0.0068070285974158,-0.36715
8.1605,-0.00701290374812302,-0.36721
8.151,-0.00679750714274624,-0.36724
8.1415,-0.0147477987358503,-0.36728
8.132,-0.0176933646558829,-0.36731
8.1225,-0.0205376233507456,-0.36737
8.113,-0.0300903339290754,-0.36738
8.1035,-0.0273974258775035,-0.36735
8.094,-0.0295237219748426,-0.36735
8.0845,-0.0340998669524202,-0.36726
8.075,-0.0365008431163291,-0.36724
8.0655,-0.0434883077018374,-0.36719
8.056,-0.0622063860741059,-0.36715
8.0465,-0.065442409641172,-0.36715
8.037,-0.0693747655014634,-0.36719
8.0275,-0.0738408932159732,-0.36726
8.018,-0.0750216338591097,-0.36729
8.0085,-0.100331276160099,-0.36735
7.999,-0.0927940628284348,-0.36735
7.9895,-0.0923514570721817,-0.36726
7.98,-0.121025796102076,-0.36723
7.9705,-0.11450680766958,-0.36711
7.961,-0.120860857302889,-0.3671
7.9515,-0.134103579520138,-0.36712
7.942,-0.128617044693815,-0.36706
7.9325,-0.143401318794635,-0.36699
7.923,-0.183619188772626,-0.36711
7.9135,-0.19431289467241,-0.36701
7.904,-0.188454257620303,-0.36689
7.8945,-0.167572272507988,-0.36654
7.885,-0.187604258285294,-0.36614
7.8755,-0.20621498415702,-0.36613
7.866,-0.242292036424345,-0.36621
7.8565,-0.210357597742958,-0.36604
7.847,-0.219942656487593,-0.36606
7.8375,-0.237625635518986,-0.36601
7.828,-0.29124046379904,-0.36586
7.8185,-0.309171877763656,-0.36559
7.809,-0.321344758652436,-0.36506
7.7995,-0.319818915201598,-0.36423
7.79,-0.336169568374335,-0.36295
7.7805,-0.331699573141272,-0.36205
7.771,-0.389630929559093,-0.36068
7.7615,-0.348347273076689,-0.35921
7.752,-0.418867192728632,-0.35842
7.7425,-0.382688949922707,-0.35669
7.733,-0.418842189669899,-0.35609
7.7235,-0.47077480553061,-0.35666
7.714,-0.504956038574572,-0.35654
7.7045,-0.436398603392967,-0.3569
7.695,-0.569431095545887,-0.35642
7.6855,-0.564398014970257,-0.3553
7.676,-0.55185143242533,-0.35601
7.6665,-0.563399962528133,-0.35645
7.657,-0.591932314106963,-0.35696
7.6475,-0.596529453065626,-0.35626
7.638,-0.648091850602208,-0.35538
7.6285,-0.672795239161403,-0.35329
7.619,-0.755192644230486,-0.34646
7.6095,-0.769300013861899,-0.29085
7.6,-0.753279678859821,0.2605
7.5905,-0.723160679929874,0.3401
7.581,-0.85044926684994,-0.11744
7.5715,-0.829615846146942,-0.34947
7.562,-0.812954248492104,-0.36221
7.5525,-0.972836289676746,-0.36478
7.543,-0.989478752640467,-0.36563
7.5335,-0.938969551367695,-0.36612
7.524,-0.989814471069055,-0.36643
7.5145,-1.00743522590226,-0.36667
7.505,-0.938721443092062,-0.36689
7.4955,-0.991847713562631,-0.367
7.486,-1.06315659359347,-0.36713
7.4765,-1.02576048520105,-0.36722
7.467,-1.23453084702062,-0.36719
7.4575,-1.07073881947641,-0.36718
7.448,-1.11245230448649,-0.36714
7.4385,-1.12144391553334,-0.36722
7.429,-1.17673166721348,-0.36724
7.4195,-1.27312248001004,-0.36729
7.41,-1.26183481132069,-0.36738
7.4005,-1.51434692457644,-0.3674
7.391,-1.36482169901393,-0.36736
7.3815,-1.30640858341698,-0.36724
7.372,-1.61084353905198,-0.36722
7.3625,-1.6756193057462,-0.36725
7.353,-1.5042830067532,-0.36726
7.3435,-1.40105863308825,-0.36731
7.334,-1.48728052606519,-0.36739
7.3245,-1.57828576949489,-0.36744
7.315,-1.6835016359575,-0.36745
7.3055,-1.57278849819653,-0.36744
7.296,-1.75947086095379,-0.36739
7.2865,-1.84131738498446,-0.36734
7.277,-1.65265362598933,-0.36726
7.2675,-1.62887524082172,-0.36725
7.258,-1.74169656734952,-0.36727
7.2485,-1.78589354597666,-0.36734
7.239,-1.8640319186591,-0.36736
7.2295,-1.93889908705697,-0.36747
7.22,-1.75166444621807,-0.36745
7.2105,-1.86727466213873,-0.36752
7.201,-2.18618531831592,-0.3675
7.1915,-1.80314919852104,-0.36742
7.182,-2.31733428021765,-0.36742
7.1725,-2.24399600577741,-0.36735
7.163,-2.13528094757432,-0.36734
7.1535,-2.21715527703674,-0.3673
7.144,-2.04995901153485,-0.36731
7.1345,-2.20097494217798,-0.36737
7.125,-2.52808766902159,-0.3674
7.1155,-2.30995930173115,-0.36748
7.106,-2.31840538519114,-0.36753
7.0965,-2.16900897270507,-0.3675
7.087,-2.3407075560925,-0.36745
7.0775,-2.44690384123885,-0.36742
7.068,-2.50821034313734,-0.36738
7.0585,-2.35008069606862,-0.36732
7.049,-2.35476663253901,-0.36732
7.0395,-2.76690796075037,-0.3674
7.03,-2.17448315375689,-0.36744
7.0205,-2.74902858422523,-0.36751
7.011,-2.78572337291575,-0.36755
7.0015,-2.72809534095822,-0.36754
6.992,-2.28049134779827,-0.36747
6.9825,-2.40017651170801,-0.36749
6.973,-2.46542583287812,-0.3674
6.9635,-2.70791342839064,-0.36738
6.954,-2.34988692533922,-0.36732
6.9445,-2.76126539967663,-0.36735
6.935,-2.3513635473602,-0.36738
6.9255,-2.73792321005865,-0.36739
6.916,-2.64258756933448,-0.36747
6.9065,-2.84260392264915,-0.36751
6.897,-2.80594577422491,-0.36753
6.8875,-2.94305339764186,-0.36756
6.878,-2.93692654390349,-0.36754
6.8685,-2.55926699811349,-0.36749
6.859,-2.81224215944105,-0.36746
6.8495,-2.46430712622792,-0.36742
6.84,-2.35340681252608,-0.36735
6.8305,-2.84645047338531,-0.36733
6.821,-2.67567465999709,-0.36743
6.8115,-2.65646248048585,-0.36737
6.802,-2.95217865437087,-0.36734
6.7925,-2.74018487212191,-0.36737
6.783,-2.73922810790168,-0.36741
6.7735,-2.90026030720004,-0.36743
6.764,-2.84764249973801,-0.36749
6.7545,-2.68409625160886,-0.36754
6.745,-2.41045664538837,-0.36758
6.7355,-2.43885007537743,-0.36757
6.726,-2.87229675841531,-0.36754
6.7165,-2.27425685982756,-0.36751
6.707,-2.56894992988441,-0.36745
6.6975,-2.34268988524885,-0.36742
6.688,-2.8658766054484,-0.36734
6.6785,-2.67309728199305,-0.36736
6.669,-2.51554345524595,-0.36745
6.6595,-2.4756627512308,-0.3675
6.65,-2.19394057329774,-0.36754
6.6405,-2.57015271415487,-0.36758
6.631,-2.1426314672831,-0.36757
6.6215,-2.14638957811157,-0.36751
6.612,-2.40668912654951,-0.36744
6.6025,-2.12360710664135,-0.36742
6.593,-2.54119263834289,-0.36743
6.5835,-2.51387695764052,-0.36747
6.574,-2.43107896093979,-0.36755
6.5645,-2.06057679899935,-0.36761
6.555,-2.33858826412859,-0.36761
6.5455,-2.22903000273706,-0.36754
6.536,-2.4562620373681,-0.36749
6.5265,-2.24497986813569,-0.36745
6.517,-2.29449349411373,-0.36742
6.5075,-2.07455630066123,-0.36736
6.498,-2.03882367841243,-0.36737
6.4885,-2.21442969228604,-0.36746
6.479,-1.79370889829704,-0.36745
6.4695,-1.78833145794345,-0.36756
6.46,-1.77828675282155,-0.36758
6.4505,-1.86086559137128,-0.36759
6.441,-2.04374131844393,-0.36772
6.4315,-1.99355736760105,-0.36759
6.422,-1.60725830385835,-0.36754
6.4125,-1.72848828841573,-0.3675
6.403,-1.75678119046433,-0.3675
6.3935,-1.67448679762365,-0.36741
6.384,-1.74282063573993,-0.36739
6.3745,-1.69815275948441,-0.36746
6.365,-1.51914213291492,-0.36752
6.3555,-1.54535294943327,-0.36756
6.346,-1.34502024914045,-0.36759
6.3365,-1.69181521103522,-0.36762
6.327,-1.34555786508709,-0.36759
6.3175,-1.28903659337257,-0.36753
6.308,-1.35388952611955,-0.36748
6.2985,-1.26258228186918,-0.36741
6.289,-1.33237250778788,-0.36743
6.2795,-1.25218416841414,-0.36747
6.27,-1.42281794419898,-0.3675
6.2605,-1.36772356408905,-0.36759
6.251,-1.06567903148008,-0.36759
6.2415,-1.24863034003697,-0.3676
6.232,-1.07212236337105,-0.36759
6.2225,-1.08800814140784,-0.36757
6.213,-1.08662851195492,-0.36757
6.2035,-1.16459630314179,-0.36751
6.194,-0.989170373540617,-0.3674
6.1845,-1.10330705790189,-0.3674
6.175,-0.908246356764376,-0.36741
6.1655,-0.975307819844025,-0.36738
6.156,-0.932155600072563,-0.36747
6.1465,-0.873022826785122,-0.36752
6.137,-0.871068961639839,-0.36758
6.1275,-0.836754973372168,-0.36758
6.118,-0.708533032251537,-0.36758
6.1085,-0.673114448255983,-0.36756
6.099,-0.818020365656472,-0.36749
6.0895,-0.635364591572554,-0.36744
6.08,-0.584995990007385,-0.36737
6.0705,-0.656022421482564,-0.36741
6.061,-0.680548228364445,-0.36745
6.0515,-0.624847633492082,-0.36752
6.042,-0.524674751750026,-0.36758
6.0325,-0.529847491489934,-0.36755
6.023,-0.527074507930154,-0.36753
6.0135,-0.570417628928578,-0.36751
6.004,-0.442826850007838,-0.36742
5.9945,-0.5078150297527,-0.36736
5.985,-0.455233629776729,-0.36733
5.9755,-0.410542045511558,-0.3674
5.966,-0.372743044626668,-0.36745
5.9565,-0.381221727826489,-0.36747
5.947,-0.368689237823691,-0.36744
5.9375,-0.314046490327431,-0.36744
5.928,-0.344652948590339,-0.3672
5.9185,-0.293660483579596,-0.36729
5.909,-0.286854903921598,-0.36717
5.8995,-0.29082198579646,-0.36703
5.89,-0.249966678277137,-0.36671
5.8805,-0.239875719771815,-0.36634
5.871,-0.252123974423744,-0.36628
5.8615,-0.215841283689496,-0.3664
5.852,-0.240656547068483,-0.36632
5.8425,-0.237414348291905,-0.36631
5.833,-0.206438099144778,-0.36619
5.8235,-0.180653989458161,-0.366
5.814,-0.178034198989506,-0.3656
5.8045,-0.142864246205874,-0.36484
5.795,-0.168347684046,-0.36364
5.7855,-0.154043658781956,-0.36229
5.776,-0.145989821112506,-0.36111
5.7665,-0.119887103864493,-0.35946
5.757,-0.119680629313993,-0.35861
5.7475,-0.0970913343331604,-0.35714
5.738,-0.0936453359631352,-0.35657
5.7285,-0.0836878366091936,-0.35669
5.719,-0.0757187284702584,-0.35639
5.7095,-0.0656622126275223,-0.35639
5.7,-0.0688064200529354,-0.35603
5.6905,-0.0567707205399976,-0.35574
5.681,-0.0541652620607929,-0.35651
5.6715,-0.0433114726586396,-0.35721
5.662,-0.0395635263073085,-0.35703
5.6525,-0.0409936601066712,-0.35609
5.643,-0.033649632584079,-0.35407
5.6335,-0.0274338040562693,-0.34986
5.624,-0.0232910465545622,-0.32657
5.6145,-0.00395612651320048,0.08984
5.605,0.00482251862230627,0.39174
5.5955,-0.00390004790218641,-0.05781
5.586,-0.00418612588148905,-0.3401
5.5765,-0.00396226208653397,-0.36211
5.567,0.00299014890008594,-0.36492
5.5575,0.00218110521042716,-0.36593
5.548,0.00463760068787881,-0.36635
5.5385,0.00878034963636934,-0.36668
5.529,0.00884157268175892,-0.3669
5.5195,0.0174771578169044,-0.36716
5.51,0.015124434645429,-0.36727
5.5005,0.013817459835945,-0.36738
5.491,0.0180179121298135,-0.36746
5.4815,0.0158319416164464,-0.36742
5.472,0.0176162737372713,-0.3674
5.4625,0.020439084985829,-0.36741
5.453,0.0201953356639372,-0.36738
5.4435,0.0285134762906442,-0.36737
5.434,0.0289424350320254,-0.3674
5.4245,0.0300501532140339,-0.36742
5.415,0.0279957207756769,-0.3675
5.4055,0.0255077653328066,-0.36755
5.396,0.028829768052004,-0.36761
5.3865,0.0376923835675685,-0.36761
5.377,0.0292499463783696,-0.36763
5.3675,0.0363256680730056,-0.36767
5.358,0.0299173842974595,-0.36758
5.3485,0.0329102476952086,-0.3676
5.339,0.0393743032426187,-0.36751
5.3295,0.0306017309379247,-0.36749
5.32,0.0337032439409157,-0.36747
5.3105,0.0380567802497575,-0.36752
5.301,0.0406438448410053,-0.36761
5.2915,0.050596433407701,-0.36774
5.282,0.0450713868504943,-0.36769
5.2725,0.0484159357929954,-0.36771
5.263,0.0502325861158757,-0.36765
5.2535,0.0377258494752272,-0.36759
5.244,0.0433298970682756,-0.36752
5.2345,0.0453666747171834,-0.3675
5.225,0.0510173908770419,-0.36754
5.2155,0.0437651076248195,-0.3676
5.206,0.0475421757195102,-0.36768
5.1965,0.0434350505512259,-0.36772
5.187,0.0452008966685031,-0.36772
5.1775,0.0461396759884752,-0.3677
5.168,0.0442973908876822,-0.3677
5.1585,0.0505287511467143,-0.36762
5.149,0.0404058129724067,-0.3676
5.1395,0.0394184239792487,-0.36757
5.13,0.0413209212446736,-0.36771
5.1205,0.0564225412766038,-0.3677
5.111,0.0486054691581812,-0.36765
5.1015,0.0405881329367023,-0.36759
5.092,0.0478965592528851,-0.36752
5.0825,0.0489437740350029,-0.36751
5.073,0.0488258635334014,-0.36757
5.0635,0.0617360277477304,-0.36764
5.054,0.0537393009139271,-0.3677
5.0445,0.0663245720089965,-0.36773
5.035,0.0531713490194856,-0.3677
5.0255,0.0558998892266832,-0.36769
5.016,0.0500193773943928,-0.36771
5.0065,0.0482186131707217,-0.36762
4.997,0.0411550016065848,-0.36762
4.9875,0.0507263167141025,-0.36756
4.978,0.0480196075735876,-0.36755
4.9685,0.0499113738260899,-0.36759
4.959,0.0477476077494478,-0.36763
4.9495,0.043711781725149,-0.36774
4.94,0.0485118684412843,-0.36772
4.9305,0.0486176460093473,-0.36774
4.921,0.0522614036173389,-0.36776
4.9115,0.0608018693213977,-0.36771
4.902,0.0465135244663761,-0.36761
4.8925,0.0517495150763977,-0.36755
4.883,0.0440769751647194,-0.36754
4.8735,0.0400033249269796,-0.36755
4.864,0.0543571505578176,-0.36759
4.8545,0.0517578836944935,-0.36768
4.845,0.0513179321055501,-0.36772
4.8355,0.0597134262619819,-0.36775
4.826,0.0575655652016657,-0.36777
4.8165,0.0508882618556889,-0.36771
4.807,0.0564661816536096,-0.36767
4.7975,0.0462312354143276,-0.36759
4.788,0.0537231024076791,-0.36756
4.7785,0.0525322481717194,-0.36758
4.769,0.0424311325281485,-0.36762
4.7595,0.0525120951032953,-0.36769
4.75,0.0500763845651387,-0.36775
4.7405,0.0530089363498733,-0.36777
4.731,0.0560128341972028,-0.36777
4.7215,0.0396044227444173,-0.36772
4.712,0.0437949804613198,-0.36769
4.7025,0.0434917455736596,-0.36766
4.693,0.0554827458429584,-0.3676
4.6835,0.0594445450120895,-0.36758
4.674,0.050649189480221,-0.36756
4.6645,0.055966697347133,-0.36761
4.655,0.0576472049829803,-0.36769
4.6455,0.0524489760643422,-0.36771
4.636,0.053552152520403,-0.36776
4.6265,0.0551111867135414,-0.36779
4.617,0.0468020480215225,-0.36778
4.6075,0.0559486007898826,-0.36776
4.598,0.0428265841568424,-0.36772
4.5885,0.037410873616416,-0.36771
4.579,0.0392402220031709,-0.36761
4.5695,0.0358307617810454,-0.36761
4.56,0.0389901739367909,-0.3676
4.5505,0.0424988147858033,-0.36762
4.541,0.0379754688714207,-0.36771
4.5315,0.0443687552603926,-0.36777
4.522,0.0454907620234891,-0.36777
4.5125,0.0467143648072218,-0.36772
4.503,0.0554305664386327,-0.36763
4.4935,0.0536235418548995,-0.36761
4.484,0.044493589798128,-0.36761
4.4745,0.0442393962182463,-0.36763
4.465,0.0479320880796022,-0.36772
4.4555,0.0438504272425844,-0.36778
4.446,0.0496851071040928,-0.36779
4.4365,0.0478593738332324,-0.36773
4.427,0.0584499832717661,-0.36766
4.4175,0.0491171532828142,-0.36761
4.408,0.0480867674287606,-0.36761
4.3985,0.0502918322520264,-0.36761
4.389,0.0436510963482249,-0.3677
4.3795,0.0452926967017066,-0.36776
4.37,0.039644865469659,-0.3678
4.3605,0.0358330217501665,-0.36778
4.351,0.0418829798304354,-0.36778
4.3415,0.0347323237692506,-0.36774
4.332,0.0383953096669267,-0.36764
4.3225,0.0507272119798045,-0.3676
4.313,0.0402420636315593,-0.36759
4.3035,0.048661681009969,-0.36759
4.294,0.0520897104866459,-0.36761
4.2845,0.0452412640338436,-0.36771
4.275,0.0488482899118373,-0.3677
4.2655,0.0403634978348432,-0.36778
4.256,0.046285001035072,-0.36779
4.2465,0.0507862126261747,-0.36782
4.237,0.0436199544408181,-0.36777
4.2275,0.0406372807974662,-0.36775
4.218,0.0444429752291165,-0.36778
4.2085,0.0440207857554002,-0.36763
4.199,0.0486918939614141,-0.36765
4.1895,0.0470988947203915,-0.36759
4.18,0.0515559164629999,-0.36757
4.1705,0.047326691644404,-0.36766
4.161,0.049513553293427,-0.36771
4.1515,0.0484149877579997,-0.3678
4.142,0.0531923371468766,-0.36788
4.1325,0.0468876693688612,-0.36774
4.123,0.0537653214787136,-0.36774
4.1135,0.0468041226294331,-0.36763
4.104,0.0452412064826296,-0.36755
4.0945,0.0430394453749479,-0.36761
4.085,0.0435095865567689,-0.36763
4.0755,0.0465351363061599,-0.36768
4.066,0.0343319086407573,-0.36774
4.0565,0.0394532965776905,-0.36774
4.047,0.0419029071115585,-0.36775
4.0375,0.0418141784767354,-0.36767
4.028,0.0396148255157128,-0.36761
4.0185,0.0349813646801288,-0.36753
4.009,0.0430942634772277,-0.36729
3.9995,0.0509835623077763,-0.36739
3.99,0.0419020714413471,-0.36727
3.9805,0.0485616117002838,-0.36721
3.971,0.0486679913724338,-0.3671
3.9615,0.039418856292162,-0.36672
3.952,0.0405858242461635,-0.36673
3.9425,0.0452761883035665,-0.36674
3.933,0.0470985665767726,-0.3667
3.9235,0.051965669778248,-0.36654
3.914,0.0470797978759066,-0.36637
3.9045,0.0367011686662599,-0.36606
3.895,0.0401435856421081,-0.36539
3.8855,0.0337364639392841,-0.36458
3.876,0.0386016628636848,-0.36351
3.8665,0.0393143308720199,-0.36217
3.857,0.039213147627117,-0.36112
3.8475,0.0426917189398688,-0.35971
3.838,0.0408074156329016,-0.3583
3.8285,0.0453773040436091,-0.35715
3.819,0.0419697123323729,-0.35657
3.8095,0.0329343487079281,-0.35756
3.8,0.0384723030400874,-0.35616
3.7905,0.0360496601042515,-0.35662
3.781,0.0333276821203036,-0.35588
3.7715,0.0355566947104988,-0.35678
3.762,0.0340467846512388,-0.35742
3.7525,0.0380977925929972,-0.35722
3.743,0.0402110667332847,-0.35683
3.7335,0.0365402588023368,-0.35548
3.724,0.0287645070545797,-0.353
3.7145,0.0288959483833516,-0.33956
3.705,0.0332284222395248,-0.09821
3.6955,0.0571970412215278,0.36172
3.686,0.0348070358250861,0.03673
3.6765,0.0206694962712246,-0.32587
3.667,0.0147732149945299,-0.36111
3.6575,0.0125424628195567,-0.36484
3.648,0.014241416480377,-0.36604
3.6385,0.00876476465126125,-0.36664
3.629,0.0120053592651679,-0.36699
3.6195,0.0116831182054111,-0.36726
3.61,0.00542386886893788,-0.36743
3.6005,0.00484427997628152,-0.36749
3.591,-0.000526269975319938,-0.36748
3.5815,-0.000875945151592963,-0.36751
3.572,0.000594526009566856,-0.36747
3.5625,-0.00675851335328789,-0.36752
3.553,-0.00790867022473574,-0.36758
3.5435,-0.0173696891814811,-0.36767
3.534,-0.0293236011915304,-0.36775
3.5245,-0.0284055198130199,-0.36781
3.515,-0.0344598443168215,-0.36779
3.5055,-0.0348454551885789,-0.36777
3.496,-0.0405793969793557,-0.36777
3.4865,-0.0504362046338948,-0.36769
3.477,-0.0449076393054726,-0.3677
3.4675,-0.0517610806729119,-0.36765
3.458,-0.0695242538981348,-0.36763
3.4485,-0.0684310149634769,-0.36771
3.439,-0.0868269457733693,-0.36775
3.4295,-0.0779154460128724,-0.3678
3.42,-0.088382418854641,-0.36783
3.4105,-0.10183485357923,-0.3679
3.401,-0.0917522030537506,-0.36789
3.3915,-0.121840670827374,-0.36787
3.382,-0.128157342277243,-0.36785
3.3725,-0.125954246515473,-0.36786
3.363,-0.155538644579668,-0.36789
3.3535,-0.153458822478206,-0.36791
3.344,-0.167193807036292,-0.3679
3.3345,-0.184461383658563,-0.36785
3.325,-0.191920590350232,-0.36787
3.3155,-0.213574013154798,-0.36778
3.306,-0.218632212783017,-0.36775
3.2965,-0.279079023107338,-0.36772
3.287,-0.274914283188571,-0.36769
3.2775,-0.308631541206994,-0.36775
3.268,-0.34095581900641,-0.36779
3.2585,-0.346656540767541,-0.36788
3.249,-0.370717242355737,-0.3679
3.2395,-0.390237626945445,-0.36796
3.23,-0.375469417143983,-0.36794
3.2205,-0.438229359047076,-0.36785
3.211,-0.512507446169444,-0.36779
3.2015,-0.543468698724784,-0.36775
3.192,-0.497765485825258,-0.36773
3.1825,-0.518571869841574,-0.36777
3.173,-0.600266119281839,-0.36783
3.1635,-0.651955961154454,-0.36792
3.154,-0.648838927836881,-0.36797
3.1445,-0.652057487153052,-0.36788
3.135,-0.836285464180923,-0.36785
3.1255,-0.700072545674856,-0.36778
3.116,-0.745123638619755,-0.36776
3.1065,-0.79126978059398,-0.36776
3.097,-0.835677257612031,-0.36783
3.0875,-0.99426322047245,-0.36792
3.078,-1.02216452238752,-0.36794
3.0685,-0.929366474519167,-0.36796
3.059,-1.23309874276224,-0.36795
3.0495,-1.22883473194131,-0.36793
3.04,-1.2959404930785,-0.36787
3.0305,-1.12816872702861,-0.36789
3.021,-1.45135610741289,-0.3678
3.0115,-1.54623151543548,-0.36778
3.002,-1.63403258807266,-0.36776
2.9925,-1.65976246691331,-0.36787
2.983,-1.71382166872531,-0.36784
2.9735,-1.66766451228027,-0.36787
2.964,-1.59041178337963,-0.36795
2.9545,-1.75911273248688,-0.36795
2.945,-1.69178934315706,-0.36797
2.9355,-1.70617572731465,-0.368
2.926,-2.25700757164024,-0.36795
2.9165,-1.99535160594877,-0.36793
2.907,-2.0736798543726,-0.36785
2.8975,-2.17230874222332,-0.36779
2.888,-2.33551395192946,-0.36778
2.8785,-2.53670952052931,-0.36783
2.869,-2.21112912465503,-0.36791
2.8595,-2.84676204435574,-0.36796
2.85,-2.74940766944567,-0.36801
2.8405,-3.05642011527453,-0.36808
2.831,-2.78928050069613,-0.36778
2.8215,-2.94812754708186,-0.36779
2.812,-2.73024480064069,-0.36786
2.8025,-2.91799780374166,-0.3679
2.793,-3.42144830895424,-0.36799
2.7835,-3.23401165614041,-0.36801
2.774,-3.84201388421997,-0.36797
2.7645,-3.22199905930199,-0.36798
2.755,-4.15405434789434,-0.3679
2.7455,-3.82141687889292,-0.36786
2.736,-4.09622034633264,-0.36778
2.7265,-4.50896295343792,-0.36783
2.717,-3.86454426003344,-0.36789
2.7075,-4.11038971860278,-0.36792
2.698,-4.26970889069801,-0.368
2.6885,-4.71508805470113,-0.36804
2.679,-4.89415192277536,-0.36802
2.6695,-4.13280175707784,-0.36795
2.66,-4.35629118052411,-0.36783
2.6505,-4.66779738195903,-0.36785
2.641,-4.36702664022964,-0.36794
2.6315,-5.05746519910688,-0.368
2.622,-4.91086295449939,-0.36801
2.6125,-4.79016719776248,-0.36794
2.603,-4.92475396402583,-0.36782
2.5935,-6.00275282278651,-0.36782
2.584,-5.7731285255202,-0.36786
2.5745,-5.57290879551127,-0.36793
2.565,-6.32690731091498,-0.368
2.5555,-5.20277212760922,-0.36806
2.546,-6.31077695649412,-0.36782
2.5365,-6.37784173000395,-0.36783
2.527,-6.17992124428058,-0.36789
2.5175,-5.65038018854407,-0.3679
2.508,-6.40242099924048,-0.368
2.4985,-5.99305396559418,-0.36804
2.489,-5.79459792972146,-0.36805
2.4795,-5.99531774333873,-0.36802
2.47,-7.22815579027424,-0.36798
2.4605,-5.88849592484769,-0.36794
2.451,-6.24358535363737,-0.36785
2.4415,-5.96974211626786,-0.36783
2.432,-6.72548390626164,-0.36789
2.4225,-6.01627947514399,-0.36791
2.413,-7.67223419702731,-0.36799
2.4035,-6.45855015340643,-0.36802
2.394,-6.31947241307147,-0.36806
2.3845,-6.77121093870209,-0.36799
2.375,-7.09080696369735,-0.36796
2.3655,-6.46296106577437,-0.36789
2.356,-8.19788290948395,-0.36786
2.3465,-6.97747959311034,-0.36785
2.337,-6.94826133441412,-0.36787
2.3275,-6.53016859599343,-0.36793
2.318,-7.01110861915063,-0.36793
2.3085,-6.55479688773207,-0.36802
2.299,-7.46949662844748,-0.36806
2.2895,-7.98538240865106,-0.36804
2.28,-7.75285058758209,-0.36804
2.2705,-6.70711444169064,-0.36799
2.261,-6.70218576678962,-0.36796
2.2515,-8.08466435556285,-0.3679
2.242,-8.3422842627579,-0.36789
2.2325,-7.62251696825111,-0.36802
2.223,-6.78312909672164,-0.36803
2.2135,-8.19200450716898,-0.368
2.204,-7.22615832541678,-0.36797
2.1945,-7.12723265434984,-0.36791
2.185,-8.00642099864445,-0.3679
2.1755,-6.54679876794458,-0.3678
2.166,-6.60279149199835,-0.36779
2.1565,-7.79033665871693,-0.36775
2.147,-7.63161139416344,-0.36767
2.1375,-7.45170601449889,-0.36761
2.128,-7.81772905729245,-0.36775
2.1185,-7.73462866820928,-0.36762
2.109,-7.84065881836751,-0.36756
2.0995,-6.86447253150378,-0.36732
2.09,-7.58336549400882,-0.36689
2.0805,-7.2822376411762,-0.3668
2.071,-6.93102753846029,-0.36678
2.0615,-6.25700449414181,-0.36677
2.052,-7.52146457564545,-0.3666
2.0425,-6.65197728045211,-0.36635
2.033,-7.0823823297424,-0.36608
2.0235,-7.25553626086761,-0.3654
2.014,-6.06030063316322,-0.36451
2.0045,-6.04020916255472,-0.36276
1.995,-6.69859735871887,-0.36171
1.9855,-6.50959173309118,-0.36034
1.976,-7.11717309560961,-0.35872
1.9665,-6.87643822804498,-0.35738
1.957,-6.68567034857353,-0.3568
1.9475,-5.49643908182315,-0.35735
1.938,-5.44861798040641,-0.35665
1.9285,-5.39533345885562,-0.35687
1.919,-6.41518341969245,-0.35586
1.9095,-6.53729880206755,-0.35667
1.9,-6.04598800115152,-0.35779
1.8905,-5.1284695661605,-0.35797
1.881,-5.89805977119833,-0.35771
1.8715,-4.92317387405636,-0.35632
1.862,-4.83436937885792,-0.35295
1.8525,-5.45922574370091,-0.33832
1.843,-4.92350835237392,-0.00655
1.8335,-5.24164482213722,0.38051
1.824,-5.2760550289711,-0.06638
1.8145,-4.96428191107661,-0.34539
1.805,-5.05103044715744,-0.36294
1.7955,-4.33158954211971,-0.3657
1.786,-4.82396370019347,-0.3666
1.7765,-4.98658709834765,-0.36708
1.767,-4.74906166981164,-0.36725
1.7575,-3.76916054455503,-0.36735
1.748,-3.9812114497226,-0.36749
1.7385,-3.88124966141622,-0.36762
1.729,-4.09925946587323,-0.36778
1.7195,-3.90664553103821,-0.36785
1.71,-3.97875330154965,-0.36792
1.7005,-3.47504844307308,-0.36799
1.691,-3.22342719468218,-0.36791
1.6815,-3.01926139470446,-0.36789
1.672,-3.52187593200799,-0.36791
1.6625,-2.94188167648158,-0.36785
1.653,-3.00304492106835,-0.36782
1.6435,-3.03933855266427,-0.36789
1.634,-2.69245813380386,-0.36788
1.6245,-2.9040330297765,-0.36795
1.615,-2.69688451266021,-0.36803
1.6055,-2.37670029662541,-0.36809
1.596,-2.71574176145879,-0.36807
1.5865,-2.17739245688356,-0.36805
1.577,-2.21549601247076,-0.36805
1.5675,-2.10117144132669,-0.368
1.558,-2.18639070825994,-0.36796
1.5485,-1.86881783823378,-0.36794
1.539,-1.96327288112647,-0.36791
1.5295,-1.73020198662856,-0.36795
1.52,-1.66700343002693,-0.36799
1.5105,-1.90859468064348,-0.36808
1.501,-1.61441608934557,-0.36812
1.4915,-1.68368374928403,-0.36812
1.482,-1.75545711822834,-0.36811
1.4725,-1.47501831734827,-0.36806
1.463,-1.49287697411272,-0.36809
1.4535,-1.4505642427633,-0.36815
1.444,-1.27871067334696,-0.36813
1.4345,-1.28737937035443,-0.36812
1.425,-1.06204471368088,-0.36813
1.4155,-1.25216995998898,-0.36805
1.406,-0.982966995084064,-0.36803
1.3965,-0.964309310943356,-0.36793
1.387,-1.0555288228051,-0.36795
1.3775,-0.927570692524339,-0.36796
1.368,-0.947383221501755,-0.36802
1.3585,-0.812641849816701,-0.36811
1.349,-0.749181396846432,-0.36812
1.3395,-0.658494381519784,-0.36813
1.33,-0.73810506237201,-0.36814
1.3205,-0.6606933573199,-0.36809
1.311,-0.624661881154033,-0.36803
1.3015,-0.613919272543963,-0.36795
1.292,-0.498284443402981,-0.36797
1.2825,-0.503505346450558,-0.36797
1.273,-0.535199693425198,-0.36803
1.2635,-0.49018480521569,-0.36813
1.254,-0.395066068387196,-0.36816
1.2445,-0.374565488905265,-0.36817
1.235,-0.341958795155628,-0.36817
1.2255,-0.313744349027041,-0.36817
1.216,-0.333583382730733,-0.36809
1.2065,-0.329659189469569,-0.3681
1.197,-0.318505322483867,-0.36802
1.1875,-0.284785875262677,-0.368
1.178,-0.231994111403727,-0.36796
1.1685,-0.249682328541089,-0.36798
1.159,-0.19956663873206,-0.36804
1.1495,-0.187512451180757,-0.36804
1.14,-0.177241891918059,-0.36814
1.1305,-0.162886675106756,-0.36816
1.121,-0.151499560680534,-0.36816
1.1115,-0.141338591842858,-0.36819
1.102,-0.132929756092966,-0.36813
1.0925,-0.125183198241719,-0.3681
1.083,-0.105163354971866,-0.3682
1.0735,-0.0999072893739966,-0.36822
1.064,-0.107160940508431,-0.36812
1.0545,-0.0963687512630569,-0.36815
1.045,-0.0856840183539935,-0.36807
1.0355,-0.0669501415647636,-0.36802
1.026,-0.06307202868865,-0.36798
1.0165,-0.0542298142489916,-0.36799
1.007,-0.053042453330226,-0.36803
0.9975,-0.0509409721799406,-0.36804
0.988,-0.0455027841772315,-0.36812
0.9785,-0.0344072025200517,-0.36816
0.969,-0.0319892667684886,-0.3682
0.9595,-0.0267018565001393,-0.36822
0.95,-0.0211569284623274,-0.36816
0.9405,-0.0130129845336333,-0.36811
0.931,-0.00504194031980311,-0.36804
0.9215,-0.00637852683486268,-0.36799
0.912,-0.000715538901611157,-0.36802
0.9025,0.00186810467113733,-0.36805
0.893,-0.000896573199847079,-0.36814
0.8835,0.00700514153186238,-0.3682
0.874,0.00638773461473045,-0.36819
0.8645,0.00743748393268241,-0.3682
0.855,0.0113733999356679,-0.36805
0.8455,0.00859205145788006,-0.36805
0.836,0.013617939088297,-0.368
0.8265,0.01658262968417,-0.36803
0.817,0.0168640267100026,-0.36812
0.8075,0.0215188869668785,-0.36817
0.798,0.0217983456842466,-0.3682
0.7885,0.0241916772385978,-0.36821
0.779,0.0268236286273745,-0.36824
0.7695,0.0227075398786405,-0.36816
0.76,0.0241627722094407,-0.36815
0.7505,0.024158025112694,-0.36808
0.741,0.0251627317366284,-0.36806
0.7315,0.028235435175024,-0.36798
0.722,0.0244626911394249,-0.36799
0.7125,0.0283950129788885,-0.36804
0.703,0.0302848400133829,-0.36815
0.6935,0.0257024910761164,-0.36815
0.684,0.0281712378728418,-0.36816
0.6745,0.030613238695856,-0.36822
0.665,0.025376316303486,-0.36822
0.6555,0.0308948173816795,-0.36822
0.646,0.0325464440514042,-0.36816
0.6365,0.0319048123739563,-0.36809
0.627,0.0396629094526985,-0.36809
0.6175,0.0349699847171001,-0.368
0.608,0.0357320674052094,-0.36801
0.5985,0.0336660306446268,-0.36807
0.589,0.029966411357437,-0.36814
0.5795,0.0417548839502235,-0.3682
0.57,0.0387370336813358,-0.3682
0.5605,0.0377658075623518,-0.3682
0.551,0.0401668175403331,-0.36824
0.5415,0.0312628165881008,-0.36807
0.532,0.041325301510831,-0.36811
0.5225,0.0309004778491743,-0.36816
0.513,0.0301225385918459,-0.36822
0.5035,0.0332752376806239,-0.36823
0.494,0.0381728843940793,-0.36819
0.4845,0.0357429992044486,-0.36813
0.475,0.0323113859664133,-0.36812
0.4655,0.0380575343513681,-0.36802
0.456,0.0444925537862281,-0.36799
0.4465,0.0359079384092923,-0.36806
0.437,0.0432380498143604,-0.3681
0.4275,0.0382236577085019,-0.36816
0.418,0.0434166132038079,-0.36821
0.4085,0.0381339220116599,-0.36819
0.399,0.0323132173483907,-0.3682
0.3895,0.030116763692299,-0.36809
0.38,0.0406382897811921,-0.36805
0.3705,0.037974401364134,-0.368
0.361,0.0348632879465796,-0.36794
0.3515,0.0368320811428239,-0.36796
0.342,0.032734907642916,-0.36799
0.3325,0.0396552597252493,-0.36794
0.323,0.0371504590092224,-0.36795
0.3135,0.0382339525434531,-0.36787
0.304,0.0372772661607829,-0.36788
0.2945,0.0358190150568112,-0.36767
0.285,0.0346924220530643,-0.36751
0.2755,0.0383897066746108,-0.36727
0.266,0.0344479670410313,-0.36688
0.2565,0.0423352570890099,-0.36685
0.247,0.0290797688566749,-0.36696
0.2375,0.0337716700172723,-0.367
0.228,0.0344769826587669,-0.36688
0.2185,0.0332138089126296,-0.36664
0.209,0.0392581303382897,-0.36609
0.1995,0.0387930011977045,-0.36528
0.19,0.0424419710858889,-0.36409
0.1805,0.0417716070166512,-0.36236
0.171,0.036489369318589,-0.3613
0.1615,0.0434629254847209,-0.35988
0.152,0.0446305483557986,-0.35785
0.1425,0.0359996696814757,-0.35725
0.133,0.0376032533761558,-0.35739
0.1235,0.0391185784610394,-0.35677
0.114,0.0384103201158539,-0.35711
0.1045,0.0442541341971653,-0.3564
0.095,0.0365149134922858,-0.35708
0.0855,0.0452698870814377,-0.35747
0.076,0.047811674626262,-0.35775
0.0665,0.0420024681396005,-0.35804
0.057,0.0380518701533712,-0.35686
0.0475,0.0329228112206051,-0.35443
0.038,0.0393934741494019,-0.34495
0.0285,0.043367152463771,-0.18682
0.019,0.0523051300880809,0.337
0.0095,0.0588053653078875,0.03016
0,0.0437683236263299,-0.33143
-0.0095,0.0359177072219962,-0.36225
-0.019,0.0432730536931652,-0.36556
-0.0285,0.0336931282668692,-0.36662
-0.038,0.0388494406082251,-0.36708
-0.0475,0.0453694921947831,-0.36745
-0.057,0.041354232970935,-0.36765
-0.0665,0.0416332599811409,-0.36767
-0.076,0.0350523338458574,-0.36777
-0.0855,0.0415279226388973,-0.36787
-0.095,0.0396238897604009,-0.36797
-0.1045,0.0419995966925064,-0.36804
-0.114,0.0410332482039019,-0.36813
-0.1235,0.0420077776001051,-0.36818
-0.133,0.0406471573040948,-0.36814
-0.1425,0.0441231633887883,-0.36815
-0.152,0.0354774740674189,-0.36808
-0.1615,0.0462367702274915,-0.36804
-0.171,0.0362204662942817,-0.36802
-0.1805,0.0328285187022973,-0.36803
-0.19,0.0305412926947288,-0.36805
-0.1995,0.0285356941912331,-0.36812
-0.209,0.0261693776742609,-0.36816
-0.2185,0.0374060571851946,-0.36826
-0.228,0.0300653580916156,-0.36826
-0.2375,0.0269595078376391,-0.36829
-0.247,0.0344032342769518,-0.36829
-0.2565,0.0304546990795437,-0.36824
-0.266,0.0390009232912709,-0.36825
-0.2755,0.0413055478951117,-0.36818
-0.285,0.0397810682705422,-0.36814
-0.2945,0.0366464809252068,-0.36809
-0.304,0.0414289842279618,-0.3681
-0.3135,0.0383831871235488,-0.3682
-0.323,0.0440918654582605,-0.36824
-0.3325,0.0425052194523239,-0.3683
-0.342,0.0390024165076563,-0.36834
-0.3515,0.0392532864522962,-0.36828
-0.361,0.0342413349709966,-0.36826
-0.3705,0.0362771855077435,-0.3681
-0.38,0.0348571738412399,-0.36813
-0.3895,0.0348489111485513,-0.36822
-0.399,0.038697554789101,-0.36826
-0.4085,0.0339616972218152,-0.36832
-0.418,0.0448866690830346,-0.36836
-0.4275,0.0478420905832398,-0.3683
-0.437,0.0326814317807677,-0.36827
-0.4465,0.0411700026528901,-0.36813
-0.456,0.0350215836545652,-0.36815
-0.4655,0.0432110534623676,-0.36825
-0.475,0.0459695561146631,-0.36827
-0.4845,0.0318878220112541,-0.36835
-0.494,0.0432485902189953,-0.36837
-0.5035,0.0334112118328242,-0.36832
-0.513,0.0371307203068576,-0.36829
-0.5225,0.0400549722147296,-0.36823
-0.532,0.0334149485865068,-0.36819
-0.5415,0.0395502448524795,-0.36814
-0.551,0.0453283424672848,-0.36816
-0.5605,0.0405508531663164,-0.36826
-0.57,0.0369162367343076,-0.36828
-0.5795,0.0310014079131068,-0.36837
-0.589,0.0307111844389788,-0.36837
-0.5985,0.0338899132541524,-0.36838
-0.608,0.0329543941472524,-0.36831
-0.6175,0.040335120869695,-0.36831
-0.627,0.0434178955242466,-0.36824
-0.6365,0.0310548717104759,-0.36823
-0.646,0.0322242845781422,-0.36815
-0.6555,0.0359965210893994,-0.36815
-0.665,0.0282536593851998,-0.36825
-0.6745,0.0298703262096514,-0.36825
-0.684,0.0295081278470751,-0.36833
-0.6935,0.0297671958711925,-0.36835
-0.703,0.0332174650420073,-0.36837
-0.7125,0.0351343236984926,-0.36838
-0.722,0.032326277531437,-0.36833
-0.7315,0.0329970474318117,-0.36831
-0.741,0.0357242676823227,-0.36824
-0.7505,0.0415154091206629,-0.36826
-0.76,0.0355131412876437,-0.36815
-0.7695,0.0349750432054714,-0.36817
-0.779,0.035554027606872,-0.36827
-0.7885,0.0308805755458813,-0.36831
-0.798,0.0358053198176499,-0.36836
-0.8075,0.0379783007194748,-0.36838
-0.817,0.0329798794534838,-0.36836
-0.8265,0.0329978457428074,-0.36837
-0.836,0.0359289892455294,-0.36825
-0.8455,0.036809319258246,-0.36823
-0.855,0.0353482113130121,-0.36818
-0.8645,0.0372433312689668,-0.36819
-0.874,0.0318595533753385,-0.36826
-0.8835,0.0377383617557224,-0.36831
-0.893,0.0269556086592824,-0.36833
-0.9025,0.0271003195814876,-0.36843
-0.912,0.0234370316511582,-0.36824
-0.9215,0.0275197078970571,-0.36822
-0.931,0.0327037441356364,-0.3683
-0.9405,0.0341723471057546,-0.36839
-0.95,0.0360209135106403,-0.36838
-0.9595,0.0304450343693009,-0.36837
-0.969,0.0233083413027781,-0.36834
-0.9785,0.0347822806789515,-0.36832
-0.988,0.0347006951100308,-0.36822
-0.9975,0.0354487316039607,-0.36818
-1.007,0.0272645209965315,-0.36822
-1.0165,0.0261550777077929,-0.36826
-1.026,0.033989130958901,-0.36833
-1.0355,0.031068586258974,-0.3684
-1.045,0.0289980824029865,-0.36841
-1.0545,0.0328105504969918,-0.36842
-1.064,0.0336053854120545,-0.36833
-1.0735,0.0362295183237893,-0.36831
-1.083,0.0381182602032255,-0.36829
-1.0925,0.0307893375440279,-0.36822
-1.102,0.0296668728492653,-0.3682
-1.1115,0.0273132902535619,-0.36823
-1.121,0.0223258884819075,-0.36821
-1.1305,0.0289613695613806,-0.36834
-1.14,0.0216384054351705,-0.3684
-1.1495,0.0213886721440768,-0.36839
-1.159,0.0239823787382857,-0.3684
-1.1685,0.022823889897483,-0.36837
-1.178,0.0221645469019968,-0.36835
-1.1875,0.0295242190766459,-0.3683
-1.197,0.0170213855727721,-0.36828
-1.2065,0.0193632012229153,-0.36822
-1.216,0.0262033828743451,-0.36817
-1.2255,0.0283671684191993,-0.36825
-1.235,0.0292970622420975,-0.3683
-1.2445,0.0264266641743611,-0.36836
-1.254,0.0278616567308654,-0.36839
-1.2635,0.0271607663079388,-0.36842
-1.273,0.0226458186464569,-0.36839
-1.2825,0.0304876658486002,-0.36831
-1.292,0.0249503340416936,-0.3684
-1.3015,0.0209698643911992,-0.36838
-1.311,0.0222669205665509,-0.36841
-1.3205,0.0144428306306985,-0.36839
-1.33,0.0194645120674195,-0.36833
-1.3395,0.0223531285974768,-0.36831
-1.349,0.0262712010801409,-0.36827
-1.3585,0.0311491933961799,-0.36821
-1.368,0.0263395395672866,-0.36816
-1.3775,0.0245169025345353,-0.36824
-1.387,0.0222205732996987,-0.36826
-1.3965,0.0169449123656405,-0.36831
-1.406,0.020528002292041,-0.36835
-1.4155,0.0184783456895129,-0.36837
-1.425,0.00741798116325238,-0.36831
-1.4345,0.00812068332334309,-0.36824
-1.444,0.00298909305476621,-0.36818
-1.4535,0.000691636426923743,-0.36811
-1.463,-0.00292555883839878,-0.368
-1.4725,-0.0080465590157813,-0.36804
-1.482,-0.0120707660525475,-0.36814
-1.4915,-0.0127744439880621,-0.36805
-1.501,-0.0165012040131834,-0.36785
-1.5105,-0.0200646263367982,-0.36774
-1.52,-0.0201841377117351,-0.36735
-1.5295,-0.0251262703110708,-0.36703
-1.539,-0.0313450944631963,-0.3671
-1.5485,-0.040442273003965,-0.36717
-1.558,-0.0437379606244512,-0.36702
-1.5675,-0.0422504450659833,-0.36691
-1.577,-0.0514418028190836,-0.36631
-1.5865,-0.058711957659509,-0.36553
-1.596,-0.067237016895172,-0.36473
-1.6055,-0.0706428569143074,-0.36277
-1.615,-0.0841840540219906,-0.36174
-1.6245,-0.0932177479011549,-0.36042
-1.634,-0.11198789014927,-0.35797
-1.6435,-0.101869781775729,-0.35725
-1.653,-0.119490547785652,-0.35757
-1.6625,-0.129942316627844,-0.35666
-1.672,-0.146105402950046,-0.35732
-1.6815,-0.127216771163139,-0.35681
-1.691,-0.149619253044771,-0.35739
-1.7005,-0.1738494177145,-0.35814
-1.71,-0.173371096278321,-0.35883
-1.7195,-0.181867139074412,-0.35809
-1.729,-0.224734569074886,-0.357
-1.7385,-0.241772661207453,-0.3539
-1.748,-0.258426895272634,-0.33773
-1.7575,-0.277187697051926,0.03356
-1.767,-0.241385260996311,0.34876
-1.7765,-0.297356814780847,-0.11421
-1.786,-0.331230876252154,-0.35327
-1.7955,-0.334184135420736,-0.36442
-1.805,-0.41190225487782,-0.36637
-1.8145,-0.449840861239591,-0.367
-1.824,-0.415562124630829,-0.36741
-1.8335,-0.497468428405697,-0.36768
-1.843,-0.446802977288005,-0.36788
-1.8525,-0.575580335396568,-0.36804
-1.862,-0.508666260169982,-0.36816
-1.8715,-0.608737154684626,-0.36824
-1.881,-0.613567837669052,-0.36827
-1.8905,-0.725443634453698,-0.36825
-1.9,-0.717237208258065,-0.36825
-1.9095,-0.765392172150142,-0.3682
-1.919,-0.888500083901052,-0.36817
-1.9285,-0.826658873275244,-0.3682
-1.938,-0.899139587292209,-0.36829
-1.9475,-1.07463699767897,-0.36836
-1.957,-0.89257425683117,-0.3684
-1.9665,-1.19710171434942,-0.36843
-1.976,-1.03481310509722,-0.36847
-1.9855,-1.24480515528227,-0.36844
-1.995,-1.28474086166755,-0.36843
-2.0045,-1.38714670237149,-0.3684
-2.014,-1.35114767711811,-0.36831
-2.0235,-1.51445075288171,-0.36834
-2.033,-1.67338109251898,-0.36829
-2.0425,-1.42076093377856,-0.36828
-2.052,-1.52931624665588,-0.36846
-2.0615,-2.020123274958,-0.36846
-2.071,-1.95602901791878,-0.36841
-2.0805,-1.83127704062754,-0.36838
-2.09,-2.01161856264026,-0.36829
-2.0995,-1.94291091720799,-0.36829
-2.109,-2.12483306673393,-0.36832
-2.1185,-2.21148425001704,-0.36834
-2.128,-2.35742603652071,-0.36841
-2.1375,-2.34109873590946,-0.36844
-2.147,-2.57354449873902,-0.36853
-2.1565,-2.51433572353791,-0.36851
-2.166,-3.1972384757025,-0.36853
-2.1755,-2.69787661509788,-0.36854
-2.185,-3.49414618606079,-0.36848
-2.1945,-3.17582210145181,-0.36842
-2.204,-2.9823253419334,-0.36835
-2.2135,-3.36404365382774,-0.36832
-2.223,-3.86049152736955,-0.36834
-2.2325,-4.05690216780942,-0.36843
-2.242,-3.94571671596823,-0.36849
-2.2515,-4.22827630252295,-0.36853
-2.261,-4.60620942141276,-0.36854
-2.2705,-3.8163468694559,-0.36854
-2.28,-4.241568707206,-0.36843
-2.2895,-4.06429098185856,-0.36838
-2.299,-4.37234392016635,-0.36834
-2.3085,-5.17729528977201,-0.36837
-2.318,-5.33102366275912,-0.36846
-2.3275,-5.69185078054983,-0.36849
-2.337,-5.44527244528212,-0.36858
-2.3465,-4.85886418417189,-0.3686
-2.356,-6.25100801885097,-0.36846
-2.3655,-6.22502554094129,-0.36839
-2.375,-5.58892142325918,-0.36836
-2.3845,-6.13787099073603,-0.36839
-2.394,-6.99480637641524,-0.36848
-2.4035,-6.71122424922817,-0.36851
-2.413,-7.07225373801502,-0.3686
-2.4225,-6.52377075775025,-0.3686
-2.432,-6.73245797666453,-0.36864
-2.4415,-7.0369591300925,-0.36855
-2.451,-6.6413188278159,-0.36856
-2.4605,-7.67633185599989,-0.36848
-2.47,-7.34156328257328,-0.36847
-2.4795,-7.75824598026622,-0.36841
-2.489,-7.22210551617744,-0.36837
-2.4985,-7.0015125291153,-0.36842
-2.508,-7.80884822808974,-0.36845
-2.5175,-7.69945214464826,-0.36853
-2.527,-8.71519071512443,-0.36855
-2.5365,-8.83463153934003,-0.36864
-2.546,-8.71375055621874,-0.36863
-2.5555,-7.65681502240166,-0.36861
-2.565,-7.51040597910867,-0.36858
-2.5745,-8.82325994518781,-0.36855
-2.584,-8.34218945434048,-0.36848
-2.5935,-9.92352690925567,-0.36841
-2.603,-10.1334566773959,-0.36845
-2.6125,-8.59316922425042,-0.36853
-2.622,-9.9051385492955,-0.36854
-2.6315,-10.2358694066129,-0.36863
-2.641,-9.60249720065286,-0.36865
-2.6505,-10.3859667986654,-0.36862
-2.66,-10.6247295649207,-0.36858
-2.6695,-9.7179420284995,-0.3685
-2.679,-10.2414202304866,-0.36848
-2.6885,-9.93367772114912,-0.36843
-2.698,-8.58668627286089,-0.36844
-2.7075,-9.72325869751323,-0.36854
-2.717,-10.3007089028184,-0.36859
-2.7265,-10.0283432007649,-0.36859
-2.736,-9.69312503331255,-0.36869
-2.7455,-11.2190617845819,-0.36865
-2.755,-10.9757671202855,-0.36861
-2.7645,-11.0694029346069,-0.36863
-2.774,-9.83783323542867,-0.36857
-2.7835,-10.4546955385773,-0.36852
-2.793,-11.2281381403972,-0.36844
-2.8025,-11.4052626000443,-0.36841
-2.812,-10.7142248303543,-0.36848
-2.8215,-9.48690658237406,-0.36865
-2.831,-10.6884479359928,-0.36864
-2.8405,-9.13466230587064,-0.36865
-2.85,-10.0293493022306,-0.36858
-2.8595,-10.7267902449266,-0.36856
-2.869,-11.4336912478948,-0.36846
-2.8785,-11.0890081954611,-0.36849
-2.888,-10.2057129446316,-0.36844
-2.8975,-10.907943387054,-0.36848
-2.907,-9.97974077212478,-0.36854
-2.9165,-11.4234404020274,-0.36862
-2.926,-11.4217356923172,-0.36864
-2.9355,-11.0566556967291,-0.36866
-2.945,-9.76146225795748,-0.36863
-2.9545,-9.89117184841508,-0.36857
-2.964,-9.30603782896674,-0.36851
-2.9735,-10.6445280125834,-0.36846
-2.983,-10.832388752469,-0.36845
-2.9925,-10.8410368336503,-0.36845
-3.002,-9.86491371059411,-0.36855
-3.0115,-9.90073664004866,-0.36863
-3.021,-8.69830303052589,-0.36866
-3.0305,-10.491572673714,-0.36862
-3.04,-9.29947752520922,-0.36859
-3.0495,-8.61964822373884,-0.36857
-3.059,-10.2163711603585,-0.36846
-3.0685,-9.78491262360136,-0.36842
-3.078,-9.96914448862318,-0.36846
-3.0875,-8.47218922580381,-0.36851
-3.097,-9.27371041147396,-0.3685
-3.1065,-9.14593145076303,-0.36861
-3.116,-7.81270624126973,-0.36861
-3.1255,-8.34384917933103,-0.36862
-3.135,-7.95176801099779,-0.36864
-3.1445,-8.80009372931491,-0.3686
-3.154,-7.74636918641363,-0.36856
-3.1635,-8.92822946809388,-0.36848
-3.173,-8.64871959159011,-0.36849
-3.1825,-7.62243993687374,-0.36838
-3.192,-7.72212873265327,-0.36835
-3.2015,-7.95089289189429,-0.36853
-3.211,-8.09027292066218,-0.36837
-3.2205,-7.51826445893765,-0.36821
-3.23,-7.33153633902946,-0.36814
-3.2395,-6.73853872543492,-0.36822
-3.249,-6.84640614479173,-0.36795
-3.2585,-7.16851756475752,-0.36794
-3.268,-7.31551959685463,-0.36774
-3.2775,-6.87999928193304,-0.36756
-3.287,-5.56427746662465,-0.36744
-3.2965,-6.49536237768708,-0.3676
-3.306,-5.97905629502088,-0.3675
-3.3155,-5.83210022054117,-0.36728
-3.325,-5.20540783182085,-0.3668
-3.3345,-6.10402809893783,-0.36581
-3.344,-5.24145287246979,-0.36508
-3.3535,-4.99382111857195,-0.36358
-3.363,-4.99181022164671,-0.36228
-3.3725,-4.89689280753762,-0.36125
-3.382,-4.98938740886055,-0.35942
-3.3915,-4.8642094784001,-0.35828
-3.401,-4.5208329128275,-0.35837
-3.4105,-4.38711605824291,-0.35717
-3.42,-4.3823113380536,-0.35764
-3.4295,-4.39865832794836,-0.35679
-3.439,-4.5668761229793,-0.35785
-3.4485,-4.18161888039439,-0.35841
-3.458,-3.7349325778187,-0.35869
-3.4675,-4.02677409536718,-0.3588
-3.477,-3.241579481848,-0.35747
-3.4865,-3.0621172333846,-0.35498
-3.496,-2.97544801115671,-0.34239
-3.5055,-2.92594487243728,-0.0139
-3.515,-2.93107173862564,0.32506
-3.5245,-2.82100657408355,-0.13608
-3.534,-2.50755653819095,-0.3545
-3.5435,-2.79550596158087,-0.36506
-3.553,-2.38582394369276,-0.36681
-3.5625,-2.32386350022126,-0.36747
-3.572,-2.54431254155564,-0.36779
-3.5815,-2.55913714865037,-0.36811
-3.591,-2.53116237273218,-0.36825
-3.6005,-2.20540806510262,-0.3683
-3.61,-2.34906828235412,-0.36831
-3.6195,-2.02394629335958,-0.36828
-3.629,-1.92479231964101,-0.36833
-3.6385,-1.75357212200848,-0.36833
-3.648,-1.73542059930933,-0.36838
-3.6575,-1.69171770913755,-0.36851
-3.667,-1.44452202922344,-0.36854
-3.6765,-1.71993088397861,-0.36861
-3.686,-1.32398383241706,-0.36863
-3.6955,-1.40981491818338,-0.36865
-3.705,-1.50182978447955,-0.36859
-3.7145,-1.29282462849202,-0.36857
-3.724,-1.32255175201014,-0.36849
-3.7335,-1.33371787012678,-0.36848
-3.743,-1.30409980117269,-0.36853
-3.7525,-1.27246346741428,-0.36861
-3.762,-1.01505170216607,-0.36868
-3.7715,-1.00549570538641,-0.36869
-3.781,-1.15147426960675,-0.36867
-3.7905,-1.034479995395,-0.36861
-3.8,-0.987435183621977,-0.3686
-3.8095,-0.984246967647365,-0.36852
-3.819,-1.0089576473949,-0.36852
-3.8285,-0.91974515543752,-0.36859
-3.838,-0.824867353226294,-0.36866
-3.8475,-0.877337598579153,-0.36872
-3.857,-0.861964345495189,-0.36872
-3.8665,-0.971785936942051,-0.3687
-3.876,-0.888634734958014,-0.36866
-3.8855,-0.899489019174781,-0.36858
-3.895,-0.908607778442278,-0.36851
-3.9045,-0.827764359989871,-0.36854
-3.914,-0.871867310823751,-0.3686
-3.9235,-0.89172278058003,-0.36864
-3.933,-0.80463232019503,-0.3687
-3.9425,-0.914208933332893,-0.36876
-3.952,-0.962160713636446,-0.36873
-3.9615,-0.909511726365985,-0.36874
-3.971,-1.03324031905485,-0.36866
-3.9805,-1.03263815277137,-0.36864
-3.99,-0.961596962055367,-0.36854
-3.9995,-1.01675149437456,-0.36855
-4.009,-1.02051722784846,-0.36854
-4.0185,-1.15682042953386,-0.36856
-4.028,-1.18036592934569,-0.36863
-4.0375,-1.12270403257485,-0.36874
-4.047,-1.24643544047791,-0.3687
-4.0565,-1.36759898425201,-0.36873
-4.066,-1.35352215545814,-0.36875
-4.0755,-1.37465349863048,-0.36873
-4.085,-1.21240423913329,-0.36869
-4.0945,-1.3588275329132,-0.36867
-4.104,-1.49083766160464,-0.36859
-4.1135,-1.48337950870025,-0.36858
-4.123,-1.36921017631389,-0.36855
-4.1325,-1.49178504625042,-0.36864
-4.142,-1.80105731557165,-0.36868
-4.1515,-1.50023833734257,-0.36872
-4.161,-1.94399532589831,-0.36879
-4.1705,-1.62856938522715,-0.36877
-4.18,-1.975916960127,-0.3687
-4.1895,-1.95109405412684,-0.3687
-4.199,-1.8725011542794,-0.3686
-4.2085,-2.12924376335964,-0.36857
-4.218,-1.94051776148406,-0.36858
-4.2275,-2.32392722882407,-0.36866
-4.237,-2.35369856671513,-0.36874
-4.2465,-2.08382542901363,-0.36875
-4.256,-2.14840059955391,-0.36877
-4.2655,-2.26918379717141,-0.36879
-4.275,-2.2406419544557,-0.36875
-4.2845,-2.5914641212806,-0.36867
-4.294,-2.93530401699427,-0.36866
-4.3035,-2.85476119877135,-0.36859
-4.313,-2.8547222734505,-0.36856
-4.3225,-3.1816844425266,-0.36857
-4.332,-2.66657004041173,-0.36862
-4.3415,-3.37644402544309,-0.36868
-4.351,-2.80459014918725,-0.36875
-4.3605,-3.20921162790622,-0.36872
-4.37,-2.95585726252838,-0.36874
-4.3795,-3.38553129926576,-0.36867
-4.389,-2.96305531843917,-0.36864
-4.3985,-3.7097676726287,-0.36859
-4.408,-3.86094533205082,-0.36858
-4.4175,-3.99742341023937,-0.36861
-4.427,-4.13191053619344,-0.36867
-4.4365,-3.74043200237888,-0.36872
-4.446,-3.57041606202331,-0.36877
-4.4555,-3.45883672161116,-0.36878
-4.465,-3.93147683329585,-0.3688
-4.4745,-4.0663456417469,-0.36875
-4.484,-4.31311120475212,-0.36871
-4.4935,-3.64545770065023,-0.36865
-4.503,-4.31810734031453,-0.36861
-4.5125,-4.22229487429599,-0.36861
-4.522,-3.88612062017053,-0.36867
-4.5315,-4.79389494256387,-0.36874
-4.541,-4.44996106636562,-0.3688
-4.5505,-4.32352946233855,-0.3688
-4.56,-4.95112689400419,-0.36882
-4.5695,-4.65820400877606,-0.36876
-4.579,-4.46060689130382,-0.36861
-4.5885,-4.96255565362757,-0.36862
-4.598,-4.63011346184393,-0.36866
-4.6075,-4.69248920256646,-0.36874
-4.617,-4.87165618356063,-0.3688
-4.6265,-4.51846099165938,-0.36879
-4.636,-4.39334140141075,-0.36881
-4.6455,-4.83881225887215,-0.36878
-4.655,-5.22777490438875,-0.36863
-4.6645,-4.67026051337371,-0.36858
-4.674,-4.31410694919433,-0.36861
-4.6835,-4.7479255483033,-0.3687
-4.693,-4.57750200846487,-0.36871
-4.7025,-4.71657065490862,-0.36878
-4.712,-5.27481326969924,-0.36882
-4.7215,-4.73770920777839,-0.36882
-4.731,-4.72675299202083,-0.36874
-4.7405,-4.6892380679001,-0.36879
-4.75,-4.41224614423875,-0.36877
-4.7595,-4.55874688711531,-0.36879
-4.769,-4.33595131997938,-0.36881
-4.7785,-4.76516351105617,-0.36876
-4.788,-4.5331169429441,-0.3687
-4.7975,-4.57644475729175,-0.36865
-4.807,-4.72196122709422,-0.3686
-4.8165,-4.3229088134851,-0.36861
-4.826,-4.77693619004203,-0.36865
-4.8355,-5.01526115125056,-0.36872
-4.845,-4.42510217011816,-0.36878
-4.8545,-5.0677860073616,-0.36878
-4.864,-4.16568695266852,-0.36878
-4.8735,-4.53050278928136,-0.36872
-4.883,-4.0231123144228,-0.36862
-4.8925,-4.26258390590839,-0.36855
-4.902,-3.97501032731272,-0.36859
-4.9115,-4.16587182446456,-0.36863
-4.921,-4.08389078530757,-0.36867
-4.9305,-4.19347742530326,-0.36867
-4.94,-4.05002169633798,-0.36858
-4.9495,-3.97395456260751,-0.3685
-4.959,-4.45457097596352,-0.36852
-4.9685,-4.75481062546485,-0.36821
-4.978,-4.74371135499672,-0.36807
-4.9875,-3.90322309343561,-0.36789
-4.997,-4.14896638358525,-0.36756
-5.0065,-3.98365788996962,-0.36746
-5.016,-4.09328056484925,-0.36755
-5.0255,-3.7784076779061,-0.36748
-5.035,-3.52462765041865,-0.36726
-5.0445,-3.86080702988649,-0.3667
-5.054,-3.54092550358445,-0.36583
-5.0635,-3.34310012318084,-0.36498
-5.073,-4.21484955336809,-0.36325
-5.0825,-3.64424441172093,-0.36206
-5.092,-4.09509782984145,-0.3607
-5.1015,-3.84634954124308,-0.3583
-5.111,-3.08086713368289,-0.35829
-5.1205,-3.65153839675217,-0.35835
-5.13,-3.61580958312418,-0.35741
-5.1395,-3.5100777745601,-0.35797
-5.149,-3.36578686272089,-0.35786
-5.1585,-3.02444357537074,-0.35851
-5.168,-3.43966064934209,-0.35901
-5.1775,-2.92472552441699,-0.3588
-5.187,-2.98835437030236,-0.35849
-5.1965,-3.35097621492623,-0.35654
-5.206,-3.25858484737782,-0.3488
-5.2155,-2.85068899319164,-0.20929
-5.225,-2.71105251633986,0.3015
-5.2345,-2.87674631275622,-0.01734
-5.244,-3.04776586474038,-0.3444
-5.2535,-2.97468692183128,-0.36423
-5.263,-2.69839174771827,-0.36661
-5.2725,-2.46808503027429,-0.36748
-5.282,-2.75713173475225,-0.36796
-5.2915,-2.4377593332652,-0.36826
-5.301,-2.66586646601474,-0.36842
-5.3105,-2.07041543419878,-0.36851
-5.32,-2.32545168297444,-0.36854
-5.3295,-2.3791864281297,-0.36858
-5.339,-2.01628069276846,-0.36848
-5.3485,-2.05506271738886,-0.36852
-5.358,-1.92572359040889,-0.36861
-5.3675,-1.95438738244988,-0.3687
-5.377,-1.94257269921391,-0.36876
-5.3865,-1.9703590882162,-0.36881
-5.396,-1.66880898635937,-0.36882
-5.4055,-1.86193054697003,-0.36875
-5.415,-1.68224697014582,-0.36862
-5.4245,-1.62390458120014,-0.36863
-5.434,-1.58416896891152,-0.3687
-5.4435,-1.50112500586572,-0.36872
-5.453,-1.79208154255835,-0.3688
-5.4625,-1.73550003295702,-0.36885
-5.472,-1.6361019678386,-0.36887
-5.4815,-1.55810508179995,-0.36886
-5.491,-1.30948660777021,-0.36884
-5.5005,-1.33219355880599,-0.36876
-5.51,-1.23378218346649,-0.36874
-5.5195,-1.12846555906181,-0.36867
-5.529,-1.19376481097115,-0.36868
-5.5385,-1.28025201309777,-0.36871
-5.548,-1.21138746396249,-0.36871
-5.5575,-1.14482363836865,-0.36881
-5.567,-1.08223274905667,-0.36884
-5.5765,-0.999818728506292,-0.36888
-5.586,-1.02360933715908,-0.36891
-5.5955,-1.05436595807096,-0.36891
-5.605,-1.01799652052643,-0.36888
-5.6145,-0.941361380800863,-0.36885
-5.624,-0.943346750897909,-0.36883
-5.6335,-0.883201230896192,-0.36873
-5.643,-0.738319689114114,-0.36873
-5.6525,-0.784451444592262,-0.36874
-5.662,-0.728669405647378,-0.36876
-5.6715,-0.651423725219387,-0.36883
-5.681,-0.634550001032968,-0.36889
-5.6905,-0.621918873376,-0.36891
-5.7,-0.669444507975548,-0.3689
-5.7095,-0.602552070289899,-0.36885
-5.719,-0.620025843452931,-0.36887
-5.7285,-0.526465658711624,-0.36875
-5.738,-0.473863230069322,-0.36871
-5.7475,-0.524281956078775,-0.36873
-5.757,-0.467418011856394,-0.36878
-5.7665,-0.532998234470139,-0.36886
-5.776,-0.500721856218098,-0.36888
-5.7855,-0.419210548958271,-0.36893
-5.795,-0.35883588115726,-0.36897
-5.8045,-0.404834202891917,-0.36892
-5.814,-0.408463329199464,-0.36888
-5.8235,-0.404197987039598,-0.36888
-5.833,-0.301279397797089,-0.36878
-5.8425,-0.32078980381498,-0.36876
-5.852,-0.308181577687249,-0.36872
-5.8615,-0.298856715043099,-0.36875
-5.871,-0.28917296576323,-0.3688
-5.8805,-0.264910310166046,-0.36893
-5.89,-0.262519387203808,-0.3689
-5.8995,-0.226456858515501,-0.36889
-5.909,-0.228728933211712,-0.36882
-5.9185,-0.192220704124632,-0.3688
-5.928,-0.174578219478425,-0.36877
-5.9375,-0.209771861433296,-0.36874
-5.947,-0.168157467529574,-0.36877
-5.9565,-0.170763532769253,-0.36884
-5.966,-0.179882417495659,-0.36892
-5.9755,-0.13467991991891,-0.3689
-5.985,-0.124040175526992,-0.36896
-5.9945,-0.124537635418215,-0.36895
-6.004,-0.131864941061841,-0.3689
-6.0135,-0.1085136613495,-0.36878
-6.023,-0.095288658642067,-0.36874
-6.0325,-0.0848805191825901,-0.3688
-6.042,-0.0895306122258428,-0.36887
-6.0515,-0.0756220899910036,-0.3689
-6.061,-0.065571608060203,-0.36898
-6.0705,-0.0666323899738305,-0.36896
-6.08,-0.0563353000874802,-0.3689
-6.0895,-0.0643241170269049,-0.36887
-6.099,-0.0451080859968185,-0.36882
-6.1085,-0.0439491793117129,-0.36879
-6.118,-0.0435890240590484,-0.36876
-6.1275,-0.032974788983914,-0.36882
-6.137,-0.0381500708891388,-0.3689
-6.1465,-0.0314947205391094,-0.36893
-6.156,-0.017017805430204,-0.36896
-6.1655,-0.0175549882517732,-0.36895
-6.175,-0.012117776835016,-0.36892
-6.1845,-0.0124019961324135,-0.36879
-6.194,-0.0157390510254373,-0.36875
-6.2035,-0.0110278947429557,-0.36883
-6.213,-0.0114983718140439,-0.36891
-6.2225,-0.00175073575188609,-0.36894
-6.232,0.00263330032052487,-0.36897
-6.2415,0.00212973418979432,-0.36897
-6.251,0.00672637684366865,-0.36891
-6.2605,0.00588252038109982,-0.36896
-6.27,0.013319656061546,-0.36898
-6.2795,0.00960584015932963,-0.36897
-6.289,0.0120744499036746,-0.36891
-6.2985,0.0163617670615865,-0.36887
-6.308,0.0151474617573586,-0.36879
-6.3175,0.0225356751760495,-0.36877
-6.327,0.0227032976686248,-0.36876
-6.3365,0.0185355167941696,-0.36896
-6.346,0.0219646869053866,-0.36898
-6.3555,0.0149227628982552,-0.36895
-6.365,0.0165718906013462,-0.36888
-6.3745,0.0178397539920592,-0.36887
-6.384,0.0129381057413456,-0.3688
-6.3935,0.021094572063202,-0.36877
-6.403,0.0174281839670982,-0.36878
-6.4125,0.0171458553251833,-0.3688
-6.422,0.0222264550753137,-0.36886
-6.4315,0.0170647288111051,-0.3689
-6.441,0.0246220229442291,-0.36897
-6.4505,0.025568240935298,-0.36899
-6.46,0.0199430851765107,-0.36893
-6.4695,0.0262538692164013,-0.36888
-6.479,0.0263347242520391,-0.36883
-6.4885,0.0242271229823161,-0.36878
-6.498,0.0222027427997092,-0.36878
-6.5075,0.0178071838625011,-0.36884
-6.517,0.0211672931128288,-0.36893
-6.5265,0.0179941372742531,-0.36896
-6.536,0.0188405102409458,-0.36897
-6.5455,0.0244730498438803,-0.36893
-6.555,0.0243862326602501,-0.3689
-6.5645,0.0294787692729879,-0.36875
-6.574,0.0258395114989275,-0.36875
-6.5835,0.0207119882083283,-0.36881
-6.593,0.0265334661743814,-0.3689
-6.6025,0.029582876732576,-0.36892
-6.612,0.029748825147447,-0.36891
-6.6215,0.0298422424183378,-0.3689
-6.631,0.0268399144583265,-0.36865
-6.6405,0.0302333626966852,-0.36871
-6.65,0.0308363853030752,-0.36874
-6.6595,0.0279161201622512,-0.36845
-6.669,0.0267804201399021,-0.3682
-6.6785,0.0243375774223103,-0.36814
-6.688,0.0335927145349667,-0.36773
-6.6975,0.0296784565185722,-0.3677
-6.707,0.0366881145732933,-0.36772
-6.7165,0.0316025754137336,-0.36764
-6.726,0.0282396815873154,-0.36744
-6.7355,0.0333394593359643,-0.36692
-6.745,0.0338325261715548,-0.36589
-6.7545,0.0279471146501723,-0.36486
-6.764,0.0273749790587916,-0.36329
-6.7735,0.0247896129858341,-0.36195
-6.783,0.0225919123805805,-0.36038
-6.7925,0.0280175543747883,-0.35835
-6.802,0.0205562680123096,-0.35857
-6.8115,0.0220590232147688,-0.35825
-6.821,0.0251048934648183,-0.35826
-6.8305,0.0305248267824771,-0.35842
-6.84,0.0371040799396028,-0.35863
-6.8495,0.0248750245210348,-0.35929
-6.859,0.0226314548989574,-0.3595
-6.8685,0.0233208462485088,-0.35943
-6.878,0.0304420451092793,-0.35828
-6.8875,0.0313487379215087,-0.3556
-6.897,0.0269111239944732,-0.33917
-6.9065,0.0494015108576099,0.02838
-6.916,0.0521364448599471,0.26452
-6.9255,0.03560294290134,-0.20298
-6.935,0.0348030942982628,-0.36001
-6.9445,0.0284076953555799,-0.36606
-6.954,0.0240924489551916,-0.36749
-6.9635,0.0257291123260442,-0.36806
-6.973,0.0259653374640126,-0.36837
-6.9825,0.0265823175160104,-0.36855
-6.992,0.0307198821932606,-0.3686
-7.0015,0.0232252685131993,-0.36869
-7.011,0.0278211840253493,-0.36866
-7.0205,0.0251981574608952,-0.36883
-7.03,0.0333915327230545,-0.3689
-7.0395,0.0314642249668322,-0.36893
-7.049,0.0219536460971097,-0.3689
-7.0585,0.0308215592065939,-0.36889
-7.068,0.027590748615667,-0.36887
-7.0775,0.0386846662971481,-0.36882
-7.087,0.0348134378942758,-0.36881
-7.0965,0.029376604418024,-0.36881
-7.106,0.0365475882208582,-0.36883
-7.1155,0.0295538011820042,-0.36889
-7.125,0.0322231352885414,-0.36899
-7.1345,0.03047440728162,-0.36902
-7.144,0.0245682316495405,-0.36903
-7.1535,0.0301505873508767,-0.36904
-7.163,0.0296749435002819,-0.36899
-7.1725,0.0244427979376346,-0.36894
-7.182,0.0308975777295397,-0.36888
-7.1915,0.0309371324268774,-0.36886
-7.201,0.0269632799707474,-0.36889
-7.2105,0.0332144282458804,-0.36894
-7.22,0.0294615748704661,-0.36903
-7.2295,0.0337683270962209,-0.36909
-7.239,0.0295337292046791,-0.36906
-7.2485,0.0331942285333242,-0.36898
-7.258,0.0344526467396938,-0.3689
-7.2675,0.0330020971991715,-0.36888
-7.277,0.0343137998395619,-0.36892
-7.2865,0.0339062542961466,-0.36898
-7.296,0.0337392149444879,-0.36906
-7.3055,0.0352121935867035,-0.36912
-7.315,0.0319483184600427,-0.36906
-7.3245,0.0296484718268382,-0.36902
-7.334,0.0266849602132984,-0.36894
-7.3435,0.028218332020225,-0.3689
-7.353,0.0356430137953455,-0.36892
-7.3625,0.0300531928648766,-0.36898
-7.372,0.0373618214526701,-0.36906
-7.3815,0.038699600663484,-0.36912
-7.391,0.0342930899010588,-0.3691
-7.4005,0.0306609418762603,-0.3691
-7.41,0.0369731385982766,-0.36912
-7.4195,0.0344447556553832,-0.36907
-7.429,0.0262286728242409,-0.36903
-7.4385,0.027566356310034,-0.369
-7.448,0.0281421594721292,-0.36894
-7.4575,0.0258985237595712,-0.36891
-7.467,0.0356082588511203,-0.36892
-7.4765,0.0307392676237259,-0.36905
-7.486,0.030713665842758,-0.36912
-7.4955,0.0332909667550907,-0.36909
-7.505,0.0316175217072451,-0.36914
-7.5145,0.0291149199301636,-0.36911
-7.524,0.0323588077438668,-0.36905
-7.5335,0.026360790720222,-0.36905
-7.543,0.0345464141479187,-0.36897
-7.5525,0.0297481377447324,-0.36892
-7.562,0.0318445576155826,-0.36892
-7.5715,0.0350689724095216,-0.36904
-7.581,0.0293931875536952,-0.36911
-7.5905,0.0344921086111722,-0.36915
-7.6,0.0290823564778215,-0.3691
-7.6095,0.0290669992911957,-0.36902
-7.619,0.0316568361185789,-0.369
-7.6285,0.0318427132108856,-0.36894
-7.638,0.0301653666877099,-0.36894
-7.6475,0.0277606844964858,-0.36903
-7.657,0.0286730665420446,-0.36911
-7.6665,0.0340222588695328,-0.36914
-7.676,0.024543317095723,-0.36911
-7.6855,0.0349182256598087,-0.36909
-7.695,0.0285014165510905,-0.36904
-7.7045,0.0274127792555839,-0.36894
-7.714,0.0340672775338865,-0.36894
-7.7235,0.0326283857813634,-0.36905
-7.733,0.0311421601688959,-0.36913
-7.7425,0.0319259943826675,-0.36916
-7.752,0.0406123683845176,-0.36908
-7.7615,0.0366060617859642,-0.36904
-7.771,0.0290368860151491,-0.36899
-7.7805,0.0329528859707734,-0.36916
-7.79,0.0314599877270723,-0.36918
-7.7995,0.0341758007596271,-0.36914
-7.809,0.0265952207165419,-0.36911
-7.8185,0.0277538693232836,-0.36909
-7.828,0.0364389195822188,-0.36901
-7.8375,0.0307107082951194,-0.36894
-7.847,0.033629198836544,-0.36899
-7.8565,0.0346805193304717,-0.36907
-7.866,0.0295482448497335,-0.36914
-7.8755,0.0323549482198237,-0.36913
-7.885,0.0258927173203617,-0.36918
-7.8945,0.0260386092611535,-0.36915
-7.904,0.0271959293178579,-0.36908
-7.9135,0.0352019047046428,-0.36905
-7.923,0.0369655699487205,-0.36899
-7.9325,0.0285621542335036,-0.36897
-7.942,0.023502301898922,-0.36901
-7.9515,0.0273179308323539,-0.3691
-7.961,0.0295373710325814,-0.36916
-7.9705,0.02955697919063,-0.36916
-7.98,0.0289850013969667,-0.36908
-7.9895,0.0298440350684417,-0.36908
-7.999,0.0308528924714955,-0.369
-8.0085,0.0350493994607381,-0.36894
-8.018,0.0325048535641795,-0.36897
-8.0275,0.0383623814654202,-0.36907
-8.037,0.0297833220530389,-0.36914
-8.0465,0.0269554669913065,-0.36915
-8.056,0.0267003080676956,-0.36915
-8.0655,0.0290782501808123,-0.3691
-8.075,0.0308400732279983,-0.36907
-8.0845,0.0408160657099816,-0.369
-8.094,0.0405183902159921,-0.36894
-8.1035,0.0455433257178834,-0.36899
-8.113,0.0375878404971034,-0.36907
-8.1225,0.0332621025413224,-0.36913
-8.132,0.0322067357823319,-0.36916
-8.1415,0.0312667086726591,-0.36916
-8.151,0.0372890089023675,-0.36909
-8.1605,0.0297932085157323,-0.36911
-8.17,0.0364505922807147,-0.36919
-8.1795,0.0372079063567592,-0.36916
-8.189,0.0366620233524765,-0.36912
-8.1985,0.0334357648144088,-0.3691
-8.208,0.032784499867544,-0.36902
-8.2175,0.0241704262548691,-0.36903
-8.227,0.0241591796398193,-0.36895
-8.2365,0.0236732547389083,-0.36895
-8.246,0.0201895544106321,-0.36898
-8.2555,0.0242876131804208,-0.36906
-8.265,0.0260372016212213,-0.3691
-8.2745,0.0322562285181999,-0.36908
-8.284,0.0293817313157103,-0.36907
-8.2935,0.0276718379637606,-0.36892
-8.303,0.0325480776740728,-0.36877
-8.3125,0.0268824749207682,-0.36873
-8.322,0.0242087504475952,-0.36865
-8.3315,0.0308814319041751,-0.36841
-8.341,0.0265066019567333,-0.36838
-8.3505,0.0378904645490138,-0.36835
-8.36,0.0291271144301254,-0.368
-8.3695,0.0302218653641496,-0.36792
-8.379,0.0365649459137592,-0.36799
-8.3885,0.0289829074494177,-0.36773
-8.398,0.031132946872068,-0.36749
-8.4075,0.031896363921217,-0.36653
-8.417,0.0360632130071899,-0.36562
-8.4265,0.0451558768939555,-0.36451
-8.436,0.0307428384508344,-0.36285
-8.4455,0.029135575700095,-0.36152
-8.455,0.033186618916035,-0.35979
-8.4645,0.0246061863663084,-0.3589
-8.474,0.0357174815385164,-0.35887
-8.4835,0.0382675170312743,-0.35822
-8.493,0.0318441738462233,-0.35906
-8.5025,0.03730961196044,-0.35909
-8.512,0.0387836342342668,-0.35906
-8.5215,0.04195268664725,-0.35992
-8.531,0.0353321643441891,-0.35993
-8.5405,0.0362964524966154,-0.35968
-8.55,0.0328941566043359,-0.35808
-8.5595,0.0354653876689921,-0.35052
-8.569,0.0414506269732287,-0.23651
-8.5785,0.0574837599725319,0.25763
-8.588,0.0427478793615081,-0.05614
-8.5975,0.0398125775986906,-0.34656
-8.607,0.0289031916003335,-0.36528
-8.6165,0.0338252214223197,-0.36718
-8.626,0.0305789756766037,-0.36797
-8.6355,0.0297990721482261,-0.3684
-8.645,0.0385442604776006,-0.3687
-8.6545,0.0337426583130832,-0.36884
-8.664,0.0378511407857174,-0.36888
-8.6735,0.0304946747388049,-0.36891
-8.683,0.0313584057050972,-0.3689
-8.6925,0.0282571954531364,-0.36884
-8.702,0.0273153666402935,-0.36894
-8.7115,0.0356103216708026,-0.36906
-8.721,0.0385048191460097,-0.36913
-8.7305,0.0327762987962032,-0.36914
-8.74,0.0333522052733921,-0.3691
-8.7495,0.0291339378235301,-0.36908
-8.759,0.0359848604036585,-0.36902
-8.7685,0.0377571573398141,-0.36896
-8.778,0.028040256952899,-0.36903
-8.7875,0.0336529961016823,-0.36913
-8.797,0.0240288550013395,-0.36921
-8.8065,0.0262433432531277,-0.36922
-8.816,0.0378412683168351,-0.36915
-8.8255,0.0321050440059932,-0.36913
-8.835,0.0338822427546079,-0.36908
-8.8445,0.0354654493570737,-0.36901
-8.854,0.0304605423659961,-0.36908
-8.8635,0.0330380849338176,-0.36919
-8.873,0.029246022886742,-0.36924
-8.8825,0.0318735198183018,-0.36925
-8.892,0.0295813781249749,-0.36919
-8.9015,0.0256579804677136,-0.36915
-8.911,0.025243615891869,-0.36917
-8.9205,0.0236639787318721,-0.36911
-8.93,0.0280235910111232,-0.36918
-8.9395,0.0288389701332681,-0.36924
-8.949,0.0296272594262755,-0.36925
-8.9585,0.0333913445030162,-0.36923
-8.968,0.0352089787539625,-0.36913
-8.9775,0.0355348153204788,-0.36907
-8.987,0.0329017549805815,-0.36907
-8.9965,0.0273647803631413,-0.36913
-9.006,0.0277116243837581,-0.36919
-9.0155,0.0255499158663532,-0.36926
-9.025,0.027256774615388,-0.36929
-9.0345,0.0285153803475016,-0.36924
-9.044,0.0325758402745115,-0.36915
-9.0535,0.038871375431968,-0.36905
-9.063,0.032632101415605,-0.36909
-9.0725,0.0275440415343393,-0.36916
-9.082,0.0314649584598646,-0.36925
-9.0915,0.026623987077582,-0.36927
-9.101,0.0349036776080868,-0.36927
-9.1105,0.0323903467849844,-0.36925
-9.12,0.029631916810356,-0.36915
-9.1295,0.0365638632570124,-0.36909
-9.139,0.028934694782674,-0.3691
-9.1485,0.0336475478255569,-0.36919
-9.158,0.0244166176100559,-0.36926
-9.1675,0.0268787712563265,-0.36928
-9.177,0.0237813897123611,-0.36926
-9.1865,0.0263941174142638,-0.36922
-9.196,0.035524071350169,-0.36911
-9.2055,0.0333522057559037,-0.36906
-9.215,0.0357181105559683,-0.36919
-9.2245,0.0385571870530897,-0.36923
-9.234,0.030799898387268,-0.36925
-9.2435,0.0276128283315528,-0.3693
-9.253,0.0292076816753106,-0.36926
-9.2625,0.0285870093113742,-0.36924
-9.272,0.0334869671022076,-0.3691
-9.2815,0.0290901597887371,-0.36908
-9.291,0.0270673287452837,-0.36926
-9.3005,0.0314267567290467,-0.36923
-9.31,0.033491515995412,-0.36929
-9.3195,0.0337267050678404,-0.36929
-9.329,0.0249696378846801,-0.36927
-9.3385,0.0271309891381345,-0.36923
-9.348,0.0294007610989444,-0.36913
-9.3575,0.0356443106726035,-0.36909
-9.367,0.0420038703607016,-0.36919
-9.3765,0.0298212622336204,-0.36926
-9.386,0.0300873466801521,-0.36929
-9.3955,0.029156759515193,-0.3693
-9.405,0.0291250741448325,-0.36929
-9.4145,0.040081242570918,-0.36923
-9.424,0.033567804564778,-0.36912
-9.4335,0.024623692431015,-0.36912
-9.443,0.02924800901957,-0.36919
-9.4525,0.0208158828078539,-0.36926
-9.462,0.0326842342705385,-0.36931
-9.4715,0.0349852240768431,-0.3693
-9.481,0.0397110404766633,-0.36929
-9.4905,0.0385789556652445,-0.36924
-9.5,0.0342201861817239,-0.36911
